<?xml version="1.0" standalone="no"?>
<!DOCTYPE svg PUBLIC "-//W3C//DTD SVG 20010904//EN"
 "http://www.w3.org/TR/2001/REC-SVG-20010904/DTD/svg10.dtd">
<svg version="1.0" xmlns="http://www.w3.org/2000/svg"
 width="698.000000pt" height="698.000000pt" viewBox="0 0 698.000000 698.000000"
 preserveAspectRatio="xMidYMid meet">
<metadata>
Created by potrace 1.14, written by Peter Selinger 2001-2017
</metadata>
<g transform="translate(0.000000,698.000000) scale(0.100000,-0.100000)"
fill="#000000" stroke="none">
<path d="M3476 6633 c-1 -2 -24 -6 -51 -8 -26 -3 -72 -11 -101 -19 -48 -13
-56 -12 -70 2 -21 20 -132 27 -204 12 -71 -15 -142 -50 -155 -75 -7 -13 -18
-19 -33 -17 -13 2 -25 -3 -28 -12 -3 -9 -14 -16 -23 -16 -10 0 -25 -6 -35 -13
-15 -11 -17 -17 -7 -35 10 -19 8 -23 -18 -37 -17 -8 -39 -15 -50 -15 -26 0
-93 -35 -116 -60 -13 -15 -14 -22 -5 -40 15 -29 6 -36 -25 -20 -27 15 -46 7
-27 -12 20 -20 14 -48 -14 -59 -33 -12 -42 -4 -26 21 7 11 8 20 3 20 -6 0 -14
-6 -18 -12 -4 -7 -17 -18 -28 -24 -11 -6 -20 -22 -20 -35 -1 -16 -6 -23 -17
-21 -18 3 -78 -50 -78 -70 0 -7 10 -18 23 -23 14 -6 21 -18 20 -30 -2 -11 3
-30 9 -43 15 -30 -3 -52 -27 -32 -8 7 -15 18 -15 26 0 7 -5 16 -10 19 -21 13
2 -50 29 -78 l26 -29 -30 8 c-37 8 -34 6 -38 34 -5 31 -19 35 -41 11 -18 -20
-18 -21 8 -51 40 -48 35 -61 -21 -53 -27 3 -56 10 -65 14 -42 22 -76 1 -46
-29 9 -9 15 -8 28 3 13 12 21 11 58 -5 23 -10 42 -24 42 -30 0 -5 -3 -9 -7 -9
-43 7 -48 0 -45 -63 3 -52 2 -60 -10 -50 -8 6 -24 9 -35 6 -15 -4 -26 0 -34
14 -10 16 -16 18 -31 9 -22 -14 -23 -30 -4 -46 31 -26 -14 -75 -66 -73 -13 0
-20 -13 -28 -56 -6 -31 -12 -61 -12 -67 -2 -24 15 -75 28 -86 8 -6 14 -18 14
-27 0 -12 -5 -10 -24 7 -35 33 -47 19 -46 -52 1 -34 -4 -88 -10 -119 -11 -51
-10 -66 9 -127 19 -64 27 -75 92 -132 75 -67 87 -87 125 -213 29 -96 30 -118
7 -115 -33 3 -36 -1 -19 -20 10 -11 19 -31 20 -44 1 -17 6 -23 19 -19 10 3 17
-1 17 -11 0 -8 11 -22 26 -31 21 -15 25 -23 22 -58 -2 -30 -8 -42 -20 -44 -25
-3 -43 24 -39 58 2 20 -4 36 -17 48 -11 11 -22 23 -23 27 -9 21 -71 54 -96 51
-23 -2 -34 -14 -61 -67 -34 -68 -41 -126 -21 -178 l11 -28 13 33 c8 18 21 35
29 38 8 3 21 22 29 42 18 43 61 87 76 77 6 -3 9 -11 5 -16 -3 -5 10 -29 29
-53 21 -25 32 -47 28 -54 -7 -11 -38 -22 -68 -24 -7 -1 -13 -5 -13 -10 0 -5
-8 -12 -17 -15 -18 -6 -52 -40 -54 -52 0 -3 -3 -15 -6 -26 -9 -36 -4 -75 14
-103 10 -15 23 -36 29 -47 6 -11 24 -22 40 -23 32 -4 56 -20 49 -32 -3 -4 7
-19 21 -34 19 -18 33 -24 49 -20 29 7 38 -7 25 -41 -7 -18 -15 -25 -25 -21
-27 10 -44 -4 -39 -32 3 -15 2 -23 -2 -20 -3 4 -20 0 -37 -8 -27 -15 -28 -17
-13 -32 23 -23 122 -23 156 1 36 25 48 21 66 -23 31 -78 49 -37 39 91 -3 48
-13 113 -21 146 -9 32 -16 66 -17 76 -1 9 -4 17 -7 17 -4 0 -7 30 -7 68 -1 49
5 82 21 122 36 87 45 121 56 211 6 46 15 98 21 115 5 18 11 58 13 90 2 33 4
67 5 77 1 12 5 15 14 10 6 -4 22 -8 35 -9 22 -1 22 0 5 20 -10 12 -14 18 -9
14 5 -4 16 -2 24 5 9 6 13 7 9 1 -3 -6 0 -11 8 -11 11 0 12 5 3 21 -10 19 -10
20 6 7 15 -12 16 -12 9 5 -6 17 -5 18 12 4 10 -8 16 -10 12 -3 -9 14 1 43 15
43 5 0 6 -5 2 -12 -4 -7 -3 -8 5 -4 6 4 9 10 7 14 -5 9 20 32 28 25 3 -4 6 -1
6 5 0 6 9 9 19 7 14 -3 18 1 14 11 -3 9 0 14 8 12 8 -2 13 3 11 11 -2 9 3 11
14 7 15 -6 15 -4 3 11 -9 11 -10 14 -1 9 8 -5 12 -1 13 11 0 10 3 13 6 6 3
-10 7 -10 18 0 7 7 11 14 10 18 -2 3 7 5 20 5 13 0 22 -3 19 -7 -2 -4 0 -10 6
-14 5 -3 10 -11 10 -17 0 -5 -8 0 -18 12 -14 18 -19 19 -19 7 0 -9 4 -14 9
-11 8 5 12 -11 9 -30 -1 -5 5 -4 13 4 13 10 19 10 31 0 12 -10 15 -10 15 0 0
8 3 10 7 7 3 -4 11 1 18 10 13 17 50 28 39 12 -3 -5 -9 -7 -14 -4 -5 3 -11 2
-14 -3 -2 -4 5 -8 18 -8 18 0 22 6 24 31 2 23 0 26 -8 15 -5 -8 -10 -10 -10
-5 1 6 6 18 13 27 12 15 14 15 26 -4 16 -25 37 -10 43 33 5 31 -15 64 -32 54
-5 -3 -12 0 -16 7 -4 7 -4 10 1 6 4 -4 15 -2 23 5 13 10 14 9 7 -2 -5 -10 -4
-12 4 -7 8 6 9 12 2 20 -6 7 -10 15 -8 17 1 2 -3 -2 -10 -10 -10 -11 -11 -8
-9 13 1 14 6 29 11 34 4 4 5 0 0 -8 -5 -9 -5 -12 1 -7 5 5 9 23 9 40 0 26 5
33 23 35 12 2 20 8 17 13 -4 5 -1 10 4 10 6 1 15 2 21 3 5 0 14 6 21 13 9 9 8
11 -2 10 -8 -2 -20 -6 -27 -11 -7 -4 -15 -6 -18 -4 -2 3 18 17 44 31 27 15 60
38 73 51 14 14 36 26 50 28 13 2 30 8 38 12 8 5 54 10 102 11 48 1 94 6 101
12 21 18 98 42 98 31 0 -5 7 -2 16 6 18 18 30 20 39 6 4 -7 13 -6 26 1 16 8
25 7 40 -7 10 -9 19 -12 19 -6 0 6 9 16 21 22 16 9 25 8 40 -6 16 -15 25 -16
56 -6 27 8 40 8 50 0 9 -7 17 -7 27 2 8 6 37 11 63 10 26 -2 57 1 67 5 13 6
32 1 57 -13 21 -12 49 -22 63 -22 15 0 26 -5 26 -10 0 -6 11 -16 25 -22 14 -6
28 -22 31 -35 4 -13 10 -23 15 -23 13 0 72 -61 87 -88 6 -13 12 -33 12 -43 0
-11 7 -19 15 -19 8 0 15 -6 15 -13 0 -8 11 -24 25 -37 16 -15 23 -30 19 -42
-3 -11 0 -20 9 -24 26 -10 42 -61 28 -92 l-12 -27 21 25 c21 27 20 28 24 -43
2 -38 -16 -68 -29 -47 -8 13 -25 13 -25 -1 0 -5 5 -7 10 -4 14 9 12 -18 -2
-34 -10 -11 -10 -13 0 -7 6 4 12 2 12 -3 0 -6 3 -11 8 -10 14 2 52 -13 52 -21
0 -5 -3 -15 -6 -23 -5 -13 -9 -12 -26 5 -16 16 -22 18 -29 7 -4 -7 -3 -19 2
-25 7 -8 6 -14 0 -19 -7 -4 -6 -14 4 -28 8 -12 15 -26 15 -32 3 -17 10 -19 10
-3 0 9 7 18 15 22 16 6 21 -9 6 -18 -5 -3 -7 -15 -4 -26 3 -12 0 -20 -6 -20
-7 0 -10 -4 -6 -9 3 -5 1 -13 -5 -16 -6 -4 -9 -1 -8 7 2 7 -4 13 -12 13 -8 0
-21 4 -29 9 -8 5 -47 10 -87 12 -40 2 -90 8 -111 13 -21 6 -75 8 -128 4 -86
-6 -133 -20 -163 -49 -7 -8 -20 -14 -27 -14 -8 0 -25 -10 -38 -22 -24 -23 -27
-28 -27 -48 0 -5 -11 -12 -25 -16 -14 -3 -23 -10 -20 -14 3 -4 -4 -18 -14 -31
-10 -13 -17 -35 -15 -49 2 -14 5 -48 7 -77 3 -28 12 -62 21 -75 9 -12 16 -30
16 -40 0 -10 7 -18 15 -18 8 0 20 -10 26 -22 14 -26 49 -57 65 -58 7 0 14 9
17 21 6 21 6 21 39 2 18 -10 39 -24 46 -30 7 -7 19 -13 25 -14 7 0 23 -3 37
-5 14 -2 54 -3 90 -2 36 0 78 0 94 0 37 -2 80 29 112 80 19 29 31 39 44 35 36
-9 70 36 82 109 5 36 8 74 5 85 -3 12 0 19 9 19 7 0 18 10 25 21 8 15 8 19 0
15 -7 -5 -11 3 -11 19 0 15 4 24 10 20 6 -4 7 -12 4 -18 -4 -7 -3 -8 2 -4 11
10 12 30 3 37 -4 3 -1 11 7 18 12 10 13 1 8 -60 -2 -40 -7 -172 -9 -293 -3
-211 1 -255 26 -239 5 3 9 -3 10 -13 1 -20 18 37 23 77 3 26 -8 56 -31 78 -19
19 -20 80 -1 115 13 25 23 15 42 -48 30 -93 56 -61 56 69 0 93 -9 110 -44 77
-12 -12 -26 -21 -30 -21 -25 0 57 434 112 595 14 42 62 243 67 284 5 44 9 46
51 33 47 -14 148 2 190 30 18 12 48 54 73 100 37 68 43 87 43 142 1 61 -1 68
-39 119 -29 38 -43 68 -48 103 -8 52 -21 82 -60 140 -14 20 -25 44 -25 54 0
64 -127 227 -233 299 -50 34 -280 151 -358 181 -25 10 -74 37 -109 59 -61 40
-204 91 -253 91 -13 0 -40 6 -58 14 -24 10 -39 11 -56 3 -17 -7 -27 -6 -39 4
-13 11 -61 14 -216 15 -109 0 -200 -1 -202 -3z m-846 -320 c-1 -27 -1 -27 -15
-9 -19 25 -19 36 0 36 10 0 15 -10 15 -27z m155 -273 c3 -5 1 -10 -4 -10 -6 0
-11 5 -11 10 0 6 2 10 4 10 3 0 8 -4 11 -10z m-305 -331 c0 -24 -23 -21 -28 4
-2 10 3 17 12 17 10 0 16 -9 16 -21z m-55 -69 c-3 -5 -11 -10 -16 -10 -6 0 -7
5 -4 10 3 6 11 10 16 10 6 0 7 -4 4 -10z m-235 -44 c0 -19 -4 -37 -10 -41 -5
-3 -7 -12 -3 -20 3 -8 1 -15 -4 -15 -6 0 -9 24 -7 53 3 62 2 57 14 57 6 0 10
-15 10 -34z m-70 -117 c0 -6 -4 -7 -10 -4 -5 3 -10 11 -10 16 0 6 5 7 10 4 6
-3 10 -11 10 -16z m-47 -46 c3 -5 -6 -9 -20 -10 -19 -1 -22 1 -12 8 17 11 26
11 32 2z m886 -381 c0 -14 -2 -13 -9 3 -8 19 -11 18 -14 -4 0 -5 -4 -12 -8
-16 -9 -9 -5 17 5 33 11 16 27 6 26 -16z m1578 -37 c0 -8 -6 -16 -13 -19 -10
-4 -12 8 -5 32 3 9 18 -1 18 -13z m-1637 -5 c0 -5 -2 -10 -4 -10 -3 0 -8 5
-11 10 -3 6 -1 10 4 10 6 0 11 -4 11 -10z m1596 -186 c0 -26 -3 -31 -13 -22
-9 7 -10 15 -3 23 6 7 6 15 -1 22 -6 6 -5 10 4 10 8 0 13 -13 13 -33z m101
-156 c2 -17 0 -19 -7 -8 -5 8 -6 18 -4 22 8 12 10 10 11 -14z m-42 -22 c0 -15
-4 -21 -9 -16 -5 5 -6 16 -3 24 9 22 12 20 12 -8z m-283 -94 c3 -11 0 -19 -7
-19 -7 0 -10 8 -7 19 2 10 6 18 7 18 1 0 5 -8 7 -18z m116 -5 c33 -30 23 -42
-33 -39 -50 4 -52 5 -51 31 1 25 5 28 33 27 18 -1 41 -10 51 -19z m-324 -173
c9 -23 0 -29 -19 -14 -12 10 -18 10 -30 0 -8 -7 -15 -9 -15 -5 0 10 32 34 46
35 7 0 15 -7 18 -16z m243 -8 c-5 -14 -47 -21 -47 -8 0 11 16 19 38 19 7 0 11
-5 9 -11z m-1945 -156 c4 -24 2 -27 -9 -18 -7 6 -16 9 -18 6 -10 -10 -14 -107
-5 -113 12 -7 14 -85 2 -85 -4 0 -13 14 -21 31 -10 22 -16 28 -24 20 -16 -16
-67 -13 -73 4 -4 8 -12 15 -20 15 -8 0 -14 8 -14 18 0 10 -6 24 -12 30 -10 10
-10 15 2 23 8 5 23 7 33 5 9 -2 15 0 11 5 -3 5 4 9 14 9 11 0 32 16 46 35 15
20 31 33 35 31 4 -3 13 -1 21 5 23 14 27 11 32 -21z m-99 -347 c-3 -7 -6 -13
-8 -13 -2 0 -5 6 -8 13 -3 8 1 14 8 14 7 0 11 -6 8 -14z"/>
<path d="M3061 5094 c0 -11 3 -14 6 -6 3 7 2 16 -1 19 -3 4 -6 -2 -5 -13z"/>
<path d="M2998 5058 c8 -9 11 -21 8 -27 -3 -5 0 -11 8 -14 19 -7 9 28 -13 45
-14 12 -14 11 -3 -4z"/>
<path d="M3030 5038 c0 -4 4 -8 9 -8 6 0 12 4 15 8 3 5 -1 9 -9 9 -8 0 -15 -4
-15 -9z"/>
<path d="M4480 5020 c-6 -11 -8 -20 -6 -20 3 0 10 9 16 20 6 11 8 20 6 20 -3
0 -10 -9 -16 -20z"/>
<path d="M4439 4891 c6 -10 7 -22 3 -26 -4 -5 -1 -5 6 -1 9 5 9 12 2 27 -6 10
-13 19 -16 19 -2 0 0 -8 5 -19z"/>
<path d="M2960 4866 c-45 -14 -169 -114 -193 -155 -10 -17 -15 -31 -10 -31 4
0 8 -14 9 -30 1 -24 -1 -27 -10 -15 -9 12 -11 8 -14 -20 -1 -20 2 -34 7 -31 5
3 7 -3 4 -14 -3 -11 -9 -17 -14 -14 -9 5 -18 -10 -23 -38 -1 -7 -7 -22 -13
-33 -12 -23 -7 -45 12 -45 7 0 18 -6 24 -14 7 -8 25 -18 41 -21 19 -4 33 -17
43 -38 17 -35 97 -89 169 -114 54 -19 268 -20 268 -1 0 7 122 29 155 27 50 -2
102 29 111 66 3 14 10 25 14 25 4 0 11 12 16 28 9 34 9 33 18 55 5 10 3 23 -3
31 -9 11 -9 15 0 18 7 2 18 26 25 54 12 46 11 51 -13 93 -14 24 -29 56 -32 70
-4 14 -14 26 -22 26 -8 0 -18 10 -23 21 -6 12 -19 22 -30 22 -12 0 -41 7 -65
16 -28 11 -48 13 -54 7 -6 -6 -22 -4 -43 5 -34 14 -109 24 -206 27 -25 1 -45
4 -42 6 7 8 -31 30 -51 30 -11 -1 -36 -6 -55 -13z m151 -180 c9 -4 22 -18 30
-32 18 -35 3 -42 -77 -39 -46 2 -70 8 -86 21 -14 12 -18 13 -13 4 7 -12 6 -13
-7 -3 -8 7 -18 10 -21 6 -4 -3 -7 -1 -7 6 0 7 -4 9 -10 6 -5 -3 -10 -1 -10 5
0 7 -7 9 -16 6 -14 -5 -15 -4 -4 9 7 8 16 13 20 10 5 -3 11 -2 14 3 6 10 164
8 187 -2z m-259 -51 c3 -14 1 -25 -3 -25 -5 0 -9 11 -9 25 0 14 2 25 4 25 2 0
6 -11 8 -25z m278 -75 c10 -7 -8 -9 -60 -9 -53 1 -68 3 -50 9 36 11 92 11 110
0z m115 -120 c22 -24 21 -25 -28 -34 l-38 -7 16 30 c18 36 26 38 50 11z m213
-38 c2 -7 -3 -12 -12 -12 -9 0 -16 7 -16 16 0 17 22 14 28 -4z"/>
<path d="M3796 4563 c-6 -14 -5 -15 5 -6 7 7 10 15 7 18 -3 3 -9 -2 -12 -12z"/>
<path d="M3324 3989 c-3 -6 -2 -15 3 -20 5 -5 9 -1 10 11 2 22 -2 25 -13 9z"/>
<path d="M4603 3965 c0 -8 4 -12 9 -9 5 3 6 10 3 15 -9 13 -12 11 -12 -6z"/>
<path d="M3300 3961 c0 -6 4 -13 10 -16 6 -3 7 1 4 9 -7 18 -14 21 -14 7z"/>
<path d="M3284 3914 c-19 -13 -20 -19 -11 -64 5 -28 14 -50 18 -50 5 0 9 -6 9
-13 0 -16 61 -73 73 -69 5 1 5 -2 2 -9 -4 -6 2 -17 13 -24 11 -8 22 -23 24
-33 4 -15 0 -18 -21 -16 -14 1 -35 -5 -46 -15 -17 -15 -37 -20 -47 -11 -11 8
-57 13 -138 14 -125 2 -146 9 -145 47 0 17 5 27 11 25 23 -9 33 10 13 23 -12
7 -18 8 -15 3 3 -5 -5 -12 -19 -14 -13 -3 -23 -1 -22 5 1 5 -4 12 -12 15 -8 2
-11 0 -8 -5 4 -6 -5 -15 -19 -22 -20 -9 -24 -9 -18 1 5 10 4 10 -6 1 -7 -6
-19 -9 -26 -6 -8 3 -14 1 -14 -5 0 -5 -27 -9 -62 -8 -57 1 -66 5 -99 36 -19
19 -39 44 -43 55 -8 19 -8 19 -19 -2 -12 -27 -22 -29 -31 -8 -11 30 -23 14
-21 -30 1 -27 -2 -42 -8 -38 -7 4 -8 -1 -4 -13 7 -18 7 -18 -8 0 -18 24 -19
19 -4 -23 9 -24 8 -35 -2 -47 -7 -8 -8 -14 -3 -13 5 1 16 1 24 0 13 -1 13 -3
0 -10 -8 -6 -18 -7 -22 -5 -4 3 -5 -2 -2 -10 3 -9 11 -16 18 -16 6 0 4 -5 -4
-10 -13 -8 -13 -10 -1 -10 11 0 11 -3 -3 -13 -12 -9 -19 -32 -23 -75 -5 -52
-3 -66 13 -84 10 -12 13 -18 5 -13 -11 6 -12 2 -7 -21 5 -16 9 -37 11 -47 2
-9 7 -22 11 -28 4 -7 -1 -7 -16 1 l-22 12 5 -79 c9 -123 10 -135 8 -188 -2
-72 -16 -39 -31 75 -7 52 -16 99 -20 103 -13 14 -79 -64 -123 -143 -45 -83
-59 -150 -51 -263 14 -225 84 -393 227 -544 38 -40 39 -41 19 -52 -26 -14 -35
-14 -27 -1 3 6 -1 10 -9 10 -9 0 -15 -8 -14 -17 4 -50 -3 -75 -22 -80 -21 -6
-27 -37 -10 -48 16 -10 12 -43 -7 -54 -16 -8 -15 -11 7 -29 18 -15 28 -17 38
-10 15 13 59 -32 94 -94 17 -29 28 -37 57 -41 43 -5 48 -2 32 17 -12 14 -10
64 3 85 4 5 2 12 -3 16 -6 3 -16 -6 -23 -19 -13 -24 -14 -24 -36 -7 -23 17
-24 19 -9 62 15 45 30 54 57 35 8 -6 5 1 -7 15 -13 14 -23 32 -23 40 -1 10 -3
9 -11 -4 -5 -9 -7 -21 -4 -26 3 -6 0 -13 -8 -18 -7 -4 -18 -21 -25 -37 l-13
-28 -25 28 c-28 29 -50 81 -40 91 3 3 17 -6 30 -20 14 -15 30 -27 36 -27 16 0
12 31 -6 45 -18 13 -46 85 -33 85 4 0 11 -4 14 -10 11 -18 27 -11 22 10 -4 16
-2 18 13 10 9 -5 24 -19 32 -32 9 -13 37 -45 62 -73 75 -80 130 -175 95 -163
-7 2 -13 12 -15 22 -3 21 -21 42 -29 34 -3 -3 -1 -17 5 -32 9 -24 8 -26 -10
-16 -22 12 -41 -7 -20 -20 7 -4 10 -12 6 -18 -3 -6 3 -26 14 -45 13 -22 19
-44 15 -59 -7 -27 30 -57 48 -39 6 6 18 4 35 -7 l25 -17 -6 35 c-5 25 -4 31 3
20 5 -8 10 -28 10 -43 0 -15 7 -30 15 -33 8 -4 15 -17 15 -30 0 -18 6 -24 21
-24 24 0 89 -57 89 -78 0 -9 6 -7 18 7 11 14 31 23 60 25 43 3 57 10 57 27 0
14 11 13 75 -7 39 -12 60 -24 59 -34 0 -8 -4 -49 -9 -90 -9 -72 -22 -351 -20
-417 0 -18 -4 -33 -10 -33 -5 0 -10 5 -10 12 0 6 -6 4 -13 -7 -16 -21 -37 -13
-37 15 0 12 -12 23 -34 31 -37 14 -56 43 -56 89 0 37 -17 39 -31 3 l-10 -27
-42 44 c-22 25 -38 36 -33 25 6 -16 5 -17 -5 -8 -10 10 -15 9 -25 -5 -17 -22
-17 -40 0 -58 8 -7 12 -23 9 -34 -3 -11 0 -20 6 -20 14 0 15 -77 1 -85 -6 -4
-8 -16 -5 -26 6 -18 3 -20 -29 -14 -31 6 -37 4 -47 -18 -17 -38 7 -82 46 -82
22 0 30 -5 30 -17 0 -24 19 -26 23 -2 2 10 7 22 11 26 8 9 131 -10 147 -22 6
-6 13 -7 17 -4 3 3 14 1 25 -5 17 -9 23 -6 41 25 12 20 24 35 26 32 7 -6 7
-247 1 -288 -8 -52 -14 -113 -22 -228 -6 -99 -16 -132 -29 -93 -8 26 -45 35
-45 11 0 -33 25 -81 37 -69 7 7 12 4 16 -10 8 -30 -13 -38 -34 -13 -9 12 -22
22 -28 22 -13 0 -14 5 4 -53 11 -36 12 -54 4 -69 -6 -11 -8 -31 -5 -44 4 -16
2 -24 -6 -25 -7 0 -2 -5 11 -10 18 -7 27 -6 33 3 6 10 10 10 18 -2 8 -13 48
-15 262 -14 139 0 296 6 348 12 181 23 238 34 235 46 -2 6 -13 61 -25 121 -29
148 -60 274 -75 305 -22 45 -26 88 -9 105 9 8 19 15 24 15 18 0 80 63 80 81 0
16 -3 15 -26 -6 -46 -42 -111 -27 -143 32 -19 37 -14 104 12 131 16 19 18 24
5 19 -9 -3 -21 0 -26 6 -13 16 -41 155 -77 372 -9 55 -23 124 -31 154 -9 29
-12 56 -7 60 4 4 36 27 71 50 52 35 68 41 95 36 56 -11 119 36 136 102 10 37
25 164 41 333 4 47 15 114 24 150 9 36 32 124 51 195 37 142 65 320 65 418 0
62 -2 74 -38 177 -21 61 -46 74 -48 25 -1 -28 -7 -71 -20 -138 -6 -27 -7 -28
-24 -10 -18 19 -17 38 2 27 7 -4 8 -2 4 5 -6 9 -11 9 -21 1 -18 -15 -31 6 -15
25 8 9 8 15 0 20 -6 4 -9 1 -8 -7 2 -7 -3 -12 -11 -10 -9 2 -6 -9 9 -35 18
-31 19 -34 2 -14 -12 15 -22 20 -26 13 -3 -6 -2 -14 4 -17 8 -5 7 -11 -1 -21
-9 -11 -8 -14 5 -14 9 0 17 -4 17 -10 5 -35 3 -45 -9 -45 -13 0 -32 -23 -32
-39 0 -6 6 -3 13 6 18 23 47 30 47 13 0 -8 -3 -14 -7 -13 -5 1 -18 -3 -31 -10
-12 -7 -28 -12 -36 -10 -7 2 -22 -6 -32 -17 -11 -12 -18 -19 -17 -16 2 2 -2
10 -9 18 -6 8 -7 13 -2 12 21 -4 35 2 29 11 -4 6 -11 7 -17 4 -6 -4 -8 -2 -4
4 3 6 16 9 28 7 25 -5 43 15 25 28 -8 6 -6 7 5 3 10 -3 20 -1 23 4 4 6 2 10
-3 10 -5 0 -8 18 -8 39 1 28 -2 37 -10 30 -8 -6 -14 -4 -18 8 -4 10 -4 14 0
11 14 -14 44 12 40 35 -4 27 10 57 27 57 7 0 6 -4 -3 -10 -11 -7 -11 -10 -2
-10 15 0 32 39 24 58 -2 7 3 19 13 26 10 7 20 30 22 52 2 21 10 45 17 54 8 8
17 25 20 37 4 13 27 46 52 75 24 28 44 57 44 64 0 6 10 22 23 35 66 68 123
162 111 181 -4 6 -3 8 3 5 10 -6 47 54 48 78 3 42 19 86 34 94 13 7 16 19 13
45 -2 21 1 43 8 51 7 9 10 18 6 22 -9 9 -25 -9 -29 -32 -4 -28 -17 -46 -28
-40 -5 4 -9 1 -9 -6 0 -6 -10 -22 -22 -33 -13 -12 -29 -31 -36 -42 -7 -10 -10
-12 -7 -4 4 8 -1 6 -11 -5 -16 -20 -16 -20 -11 5 5 21 4 22 -6 10 -7 -9 -19
-15 -27 -15 -8 1 -19 -1 -25 -4 -18 -10 -35 -10 -29 0 3 5 0 9 -6 9 -6 0 -9 4
-5 9 3 5 1 13 -5 16 -12 7 -61 -21 -58 -33 5 -14 -54 -63 -70 -58 -42 13 -82
17 -144 16 -47 -1 -77 4 -100 17 -18 9 -35 18 -38 18 -27 5 -49 19 -53 34 -6
25 0 33 54 64 25 15 56 38 70 53 l24 26 -28 24 c-15 13 -36 24 -46 24 -11 0
-21 7 -25 15 -6 17 -35 10 -53 -13 -7 -9 -27 -16 -45 -17 -18 -1 -48 -5 -66
-10 -67 -14 -95 -9 -135 28 -45 41 -74 44 -137 11 -71 -36 -93 -35 -109 4 -6
15 -12 42 -13 60 -1 17 -2 32 -3 31 0 0 -9 -7 -21 -15z m-644 -200 c0 -8 -19
-13 -24 -6 -3 5 1 9 9 9 8 0 15 -2 15 -3z m1837 -96 c-3 -8 -6 -5 -6 6 -1 11
2 17 5 13 3 -3 4 -12 1 -19z m-606 -51 c-10 -9 -11 -8 -5 6 3 10 9 15 12 12 3
-3 0 -11 -7 -18z m-391 -48 c0 -5 -4 -9 -10 -9 -5 0 -10 7 -10 16 0 8 5 12 10
9 6 -3 10 -10 10 -16z m60 -3 c0 -3 -4 -8 -10 -11 -5 -3 -10 -1 -10 4 0 6 5
11 10 11 6 0 10 -2 10 -4z m35 -16 c3 -5 1 -10 -4 -10 -6 0 -11 5 -11 10 0 6
2 10 4 10 3 0 8 -4 11 -10z m86 -13 c-13 -13 -26 -3 -16 12 3 6 11 8 17 5 6
-4 6 -10 -1 -17z m-191 -102 c25 -3 74 -12 110 -19 36 -8 70 -10 75 -5 12 9
196 11 233 2 26 -6 28 -16 5 -38 -16 -16 -17 -16 -25 4 -9 26 -18 28 -11 2 5
-21 -12 -37 -22 -21 -3 5 -11 10 -16 10 -6 0 -8 -4 -4 -9 3 -5 1 -13 -5 -16
-6 -4 -9 -1 -8 6 2 9 -41 13 -178 14 -142 1 -187 5 -212 18 -20 9 -30 11 -25
4 3 -7 -3 -3 -15 7 -12 11 -22 16 -22 12 0 -4 -7 0 -16 8 -8 9 -12 21 -9 26 6
10 22 9 145 -5z m-340 -47 c0 -21 0 -21 14 -2 15 19 15 19 31 -1 9 -11 14 -13
10 -5 -4 8 1 6 9 -4 9 -11 16 -16 16 -11 0 6 9 -6 19 -25 15 -28 17 -37 7 -45
-7 -5 -12 -18 -10 -27 1 -9 -5 -23 -14 -30 -15 -11 -16 -11 -7 2 6 9 2 8 -7
-2 -11 -12 -19 -15 -23 -8 -5 8 -11 8 -20 0 -10 -9 -13 -7 -11 7 4 20 -18 68
-35 79 -8 5 -10 2 -5 -7 4 -8 -2 -4 -13 9 -14 17 -18 28 -11 40 5 9 11 25 14
35 8 25 36 21 36 -5z m932 -43 c9 -21 8 -27 -13 -45 -13 -11 -36 -27 -51 -35
-16 -9 -28 -20 -28 -26 0 -6 5 -7 11 -4 6 4 5 -2 -2 -14 -9 -13 -16 -16 -20
-9 -6 9 -11 9 -22 0 -12 -10 -16 -9 -21 4 -3 9 -3 21 1 27 4 7 6 20 5 29 -5
26 16 57 51 78 44 27 75 26 89 -5z m-917 -145 c-3 -5 -1 -10 5 -10 7 0 10 -7
7 -15 -11 -26 44 -43 64 -19 8 10 6 12 -9 9 -14 -2 -19 1 -18 13 4 23 28 22
44 -3 10 -14 12 -15 8 -3 -3 10 0 20 6 24 6 4 8 3 5 -3 -9 -14 15 -23 42 -16
12 3 28 0 36 -7 8 -7 15 -8 15 -3 0 5 6 10 14 10 9 0 13 -8 10 -21 -3 -19 2
-21 44 -22 53 -1 67 -4 102 -24 33 -18 50 -21 47 -7 -1 7 5 12 13 12 8 0 14
-6 12 -14 -3 -12 0 -12 12 -2 9 7 21 11 28 9 7 -3 29 0 48 7 53 18 171 -9 155
-35 -3 -4 2 -13 10 -20 8 -7 15 -16 15 -21 0 -17 -90 -81 -122 -86 -56 -9
-142 -10 -154 -1 -6 4 -25 3 -42 -2 -18 -5 -30 -5 -28 -1 3 4 -16 6 -42 5 -62
-4 -104 5 -95 19 4 6 0 8 -9 4 -9 -3 -19 -3 -22 1 -4 3 -16 7 -29 9 -12 2 -32
16 -45 31 -13 15 -20 21 -16 13 5 -10 3 -12 -5 -7 -7 5 -16 18 -21 30 -4 13
-15 23 -23 23 -9 0 -13 -6 -9 -15 3 -10 1 -13 -6 -8 -17 10 -15 36 4 36 10 0
12 4 7 13 -4 6 -8 15 -8 19 0 14 -13 19 -21 7 -5 -8 -3 -10 7 -4 8 5 11 4 6 0
-11 -12 -47 -13 -54 -2 -3 6 -1 7 5 3 11 -7 11 41 -1 60 -3 6 -4 14 0 18 10 9
15 7 8 -4z m32 -32 c-3 -8 -6 -5 -6 6 -1 11 2 17 5 13 3 -3 4 -12 1 -19z m723
-8 c8 -5 11 -10 5 -10 -5 0 -17 5 -25 10 -8 5 -10 10 -5 10 6 0 17 -5 25 -10z
m17 -36 c7 -6 9 -14 6 -17 -3 -4 -6 -17 -7 -29 0 -13 -5 -23 -11 -23 -5 0 -14
-3 -20 -6 -5 -4 -19 3 -30 14 -11 11 -15 18 -10 14 6 -3 19 1 30 9 12 9 14 14
5 14 -7 0 -10 3 -7 7 4 3 -1 12 -11 20 -16 12 -16 13 2 6 13 -4 17 -3 12 5 -9
15 23 4 41 -14z m-747 -34 c0 -5 -5 -10 -11 -10 -5 0 -7 5 -4 10 3 6 8 10 11
10 2 0 4 -4 4 -10z m971 -293 c-10 -9 -11 -8 -5 6 3 10 9 15 12 12 3 -3 0 -11
-7 -18z m-96 -116 c3 -5 2 -12 -3 -15 -5 -3 -9 1 -9 9 0 17 3 19 12 6z m-25
-41 c0 -5 -2 -10 -4 -10 -3 0 -8 5 -11 10 -3 6 -1 10 4 10 6 0 11 -4 11 -10z
m-33 -35 c0 -8 -4 -12 -9 -9 -5 3 -6 10 -3 15 9 13 12 11 12 -6z m-195 -655
c14 0 50 -89 44 -107 -4 -9 -1 -22 5 -29 12 -15 4 -34 -16 -34 -7 0 -35 -11
-62 -24 -57 -29 -173 -45 -173 -25 0 10 -3 10 -12 1 -7 -7 -17 -12 -22 -12 -6
0 0 9 13 19 14 11 20 21 13 25 -12 7 14 66 29 66 6 0 7 5 3 12 -5 8 -2 9 10 5
13 -5 15 -3 7 12 -6 10 -7 22 -3 26 4 5 1 5 -6 1 -7 -4 -10 -12 -7 -17 4 -5 4
-9 1 -9 -3 0 -7 4 -11 9 -6 11 34 53 45 46 4 -3 13 2 19 9 9 11 9 16 0 22 -8
5 -9 3 -4 -6 6 -9 4 -11 -5 -5 -9 6 -11 4 -5 -6 5 -8 5 -11 0 -7 -4 4 -14 3
-22 -3 -10 -9 -13 -8 -13 5 0 10 4 15 9 12 5 -3 14 1 21 10 7 8 20 12 29 9 8
-3 12 -3 8 1 -4 4 -2 13 4 21 9 10 15 10 25 2 11 -9 14 -8 14 6 0 15 5 13 26
-9 15 -14 31 -26 36 -26z m-721 -57 c24 -32 61 -78 81 -102 39 -44 46 -74 27
-101 -9 -13 -11 -13 -16 -1 -3 8 -23 33 -44 56 -22 23 -39 49 -39 57 0 8 -4
18 -9 24 -13 13 -62 136 -52 130 5 -3 28 -31 52 -63z m-206 1 c18 -43 19 -64
4 -64 -5 0 -8 4 -5 9 8 12 -4 42 -14 36 -4 -2 -16 3 -26 11 -10 9 -14 13 -7
10 6 -4 14 3 18 14 9 28 12 26 30 -16z m425 -886 c0 -5 -4 -8 -10 -8 -5 0 -10
10 -10 23 0 18 2 19 10 7 5 -8 10 -18 10 -22z m-52 -843 c1 -28 -3 -43 -9 -40
-5 4 -7 15 -4 26 4 12 1 21 -9 25 -12 5 -13 10 -5 25 15 29 26 15 27 -36z"/>
<path d="M2186 3865 c-3 -8 -1 -15 4 -15 6 0 10 5 10 11 0 5 5 7 12 3 7 -4 8
-3 4 4 -10 16 -23 15 -30 -3z"/>
<path d="M4547 3828 c-7 -23 -1 -38 14 -38 12 0 12 47 0 54 -5 3 -11 -4 -14
-16z"/>
<path d="M2715 3760 c-3 -5 1 -10 9 -10 9 0 16 5 16 10 0 6 -4 10 -9 10 -6 0
-13 -4 -16 -10z"/>
<path d="M2141 2511 c-15 -27 -14 -33 7 -30 30 3 33 0 22 -21 -8 -16 -8 -18 4
-14 11 4 30 63 22 70 0 1 -11 5 -23 8 -16 5 -25 2 -32 -13z"/>
<path d="M4475 2450 c3 -5 11 -10 16 -10 6 0 7 5 4 10 -3 6 -11 10 -16 10 -6
0 -7 -4 -4 -10z"/>
<path d="M2145 2420 c-3 -5 -3 -15 0 -20 7 -12 45 5 45 20 0 13 -37 13 -45 0z"/>
<path d="M2157 2360 c-3 -13 0 -20 9 -20 15 0 19 26 5 34 -5 3 -11 -3 -14 -14z"/>
<path d="M2440 2255 c0 -8 7 -15 16 -15 14 0 14 3 4 15 -7 8 -14 15 -16 15 -2
0 -4 -7 -4 -15z"/>
<path d="M2277 2243 c-4 -3 -7 -13 -7 -22 1 -13 3 -13 11 2 11 19 8 33 -4 20z"/>
<path d="M2555 2210 c3 -5 8 -10 11 -10 2 0 4 5 4 10 0 6 -5 10 -11 10 -5 0
-7 -4 -4 -10z"/>
<path d="M2480 2126 c0 -22 3 -27 11 -19 8 8 8 16 0 30 -9 16 -10 14 -11 -11z"/>
<path d="M2393 2126 c4 -10 7 -22 7 -27 0 -5 4 -9 9 -9 12 0 2 38 -12 47 -7 4
-8 0 -4 -11z"/>
<path d="M6053 2124 c3 -10 24 -70 46 -132 44 -121 71 -249 77 -352 1 -36 6
-102 9 -147 3 -45 2 -83 -2 -86 -12 -7 -10 -111 2 -117 10 -5 159 184 202 258
l25 43 -30 62 c-16 34 -40 91 -53 127 -12 36 -34 83 -47 105 -78 125 -118 177
-160 207 -73 52 -76 54 -69 32z"/>
<path d="M2645 2080 c3 -5 8 -10 11 -10 2 0 4 5 4 10 0 6 -5 10 -11 10 -5 0
-7 -4 -4 -10z"/>
<path d="M2524 1907 c-8 -21 2 -35 16 -21 5 5 6 15 0 24 -8 12 -10 12 -16 -3z"/>
<path d="M2627 1774 c-4 -4 -7 -14 -7 -23 0 -11 3 -12 11 -4 6 6 10 16 7 23
-2 6 -7 8 -11 4z"/>
<path d="M568 1681 l-47 -27 60 -89 c33 -49 62 -91 66 -94 5 -5 3 22 -14 144
-3 22 -9 48 -15 58 -5 9 -6 22 -3 27 8 12 9 13 -47 -19z"/>
<path d="M2640 1667 c0 -7 6 -22 14 -33 14 -18 15 -18 21 -1 7 17 -10 47 -26
47 -5 0 -9 -6 -9 -13z"/>
<path d="M2450 1596 c0 -9 5 -16 10 -16 6 0 10 4 10 9 0 6 -4 13 -10 16 -5 3
-10 -1 -10 -9z"/>
<path d="M2785 1550 c3 -5 8 -10 11 -10 2 0 4 5 4 10 0 6 -5 10 -11 10 -5 0
-7 -4 -4 -10z"/>
<path d="M2640 1501 c0 -6 5 -13 10 -16 6 -3 10 1 10 9 0 9 -4 16 -10 16 -5 0
-10 -4 -10 -9z"/>
<path d="M2690 1469 c0 -5 7 -12 15 -15 10 -4 13 -13 10 -25 -4 -11 -2 -19 3
-19 5 0 12 11 14 24 4 18 -1 27 -19 35 -15 7 -23 7 -23 0z"/>
<path d="M2660 1399 c0 -11 5 -17 10 -14 6 3 10 13 10 21 0 8 -4 14 -10 14 -5
0 -10 -9 -10 -21z"/>
<path d="M3251 1396 c-12 -14 -5 -46 10 -46 5 0 9 14 9 30 0 34 -3 36 -19 16z"/>
<path d="M2705 1320 c3 -5 8 -10 11 -10 2 0 4 5 4 10 0 6 -5 10 -11 10 -5 0
-7 -4 -4 -10z"/>
<path d="M2968 1280 c2 -16 6 -30 8 -30 2 0 4 14 4 30 0 17 -4 30 -8 30 -5 0
-7 -13 -4 -30z"/>
<path d="M3230 1273 c0 -28 3 -34 10 -23 13 20 13 47 0 55 -6 4 -10 -9 -10
-32z"/>
<path d="M2850 1126 c0 -8 5 -18 10 -21 6 -3 10 1 10 9 0 8 -4 18 -10 21 -5 3
-10 -1 -10 -9z"/>
<path d="M2861 814 c-6 -15 -10 -29 -7 -31 2 -2 7 5 11 16 3 12 11 21 16 21 5
0 9 5 9 10 0 19 -17 10 -29 -16z"/>
<path d="M2730 815 c0 -8 2 -15 4 -15 2 0 6 7 10 15 3 8 1 15 -4 15 -6 0 -10
-7 -10 -15z"/>
<path d="M3958 813 c-8 -10 -15 -37 -16 -61 -1 -37 2 -44 25 -53 41 -15 73 11
73 60 0 30 -5 42 -25 55 -31 20 -38 20 -57 -1z"/>
<path d="M2917 806 c-4 -10 -5 -21 -2 -24 9 -9 17 6 13 25 -3 17 -4 17 -11 -1z"/>
<path d="M2907 736 c-6 -16 2 -28 14 -20 12 7 11 34 0 34 -5 0 -11 -6 -14 -14z"/>
<path d="M3003 704 c3 -18 3 -34 0 -38 -12 -12 -17 -66 -15 -148 2 -46 5 -58
18 -58 12 0 15 7 12 25 -3 14 -2 28 2 30 5 3 6 15 2 27 -3 14 -2 19 7 14 6 -4
9 -11 6 -16 -3 -4 0 -10 6 -12 6 -2 12 -19 13 -37 1 -24 7 -36 23 -42 16 -6
23 -19 28 -61 4 -29 12 -56 17 -59 6 -4 3 -17 -7 -33 -12 -18 -16 -37 -12 -61
3 -19 2 -49 -3 -66 -6 -20 -6 -39 1 -50 5 -11 6 -19 2 -19 -9 0 -35 -61 -30
-67 2 -1 17 -6 34 -9 l31 -6 7 56 c5 38 3 61 -4 70 -7 8 -8 17 -3 20 11 7 10
55 -1 74 -5 8 -3 12 7 12 12 0 16 12 17 48 1 26 2 64 3 85 2 21 -1 40 -6 43
-13 8 -9 20 17 48 30 33 30 37 5 78 -13 22 -28 33 -42 33 -18 0 -24 7 -26 28
-3 21 -8 27 -28 27 -17 0 -23 4 -18 13 6 9 4 9 -6 0 -8 -7 -14 -27 -14 -45 -1
-17 -6 -33 -12 -35 -17 -6 -25 39 -11 62 10 15 10 28 2 52 -15 44 -29 55 -22
17z m94 -206 c-3 -8 -6 -5 -6 6 -1 11 2 17 5 13 3 -3 4 -12 1 -19z"/>
<path d="M2740 673 c0 -13 5 -23 10 -23 13 0 13 11 0 30 -8 12 -10 11 -10 -7z"/>
<path d="M2925 599 c-4 -6 -5 -13 -2 -16 7 -7 27 6 27 18 0 12 -17 12 -25 -2z"/>
<path d="M2836 576 c3 -9 11 -16 16 -16 13 0 5 23 -10 28 -7 2 -10 -2 -6 -12z"/>
<path d="M2795 440 c3 -5 10 -10 16 -10 5 0 9 5 9 10 0 6 -7 10 -16 10 -8 0
-12 -4 -9 -10z"/>
<path d="M2918 308 c-9 -23 2 -40 17 -28 8 6 11 18 8 26 -6 17 -19 18 -25 2z"/>
<path d="M2985 288 c-24 -28 -34 -77 -12 -56 8 7 12 20 9 28 -5 13 -3 13 11 1
9 -7 17 -12 18 -10 4 19 3 59 -1 59 -3 0 -14 -10 -25 -22z"/>
<path d="M3045 283 c-8 -29 -12 -69 -15 -143 -4 -90 -1 -110 16 -110 13 0 15
9 13 47 -2 27 0 57 4 68 3 11 8 53 11 93 4 56 2 72 -8 72 -8 0 -17 -12 -21
-27z"/>
<path d="M2860 260 c0 -5 5 -10 11 -10 5 0 7 5 4 10 -3 6 -8 10 -11 10 -2 0
-4 -4 -4 -10z"/>
<path d="M2730 239 c0 -5 5 -7 10 -4 6 3 10 8 10 11 0 2 -4 4 -10 4 -5 0 -10
-5 -10 -11z"/>
<path d="M2987 223 c-2 -5 -3 -16 -2 -25 2 -10 -1 -18 -6 -18 -6 0 -7 -5 -3
-12 4 -7 3 -8 -5 -4 -6 4 -9 11 -6 16 3 4 -1 10 -8 13 -16 6 -21 -37 -8 -61 9
-16 10 -16 16 0 4 9 12 15 20 12 14 -6 29 37 16 46 -4 3 -7 13 -5 23 2 18 -2
22 -9 10z"/>
<path d="M2866 204 c-8 -20 16 -33 42 -23 21 8 31 28 15 30 -5 0 -18 2 -30 3
-12 1 -24 -3 -27 -10z"/>
<path d="M2780 128 c0 -12 3 -18 7 -14 11 10 12 36 2 36 -5 0 -9 -10 -9 -22z"/>
</g>
</svg>
